2001 100  0   4.7  -0.8   0.7  564. 33   -52 170.4  206    144.00    33.00     9.72
2001 100  1   4.4  -1.5   0.8  573. 33   -50 170.4  388    173.00    37.20    10.10
2001 100  2   4.4  -0.6   0.7  548. 33   -46 170.4  262    161.00    34.60     9.59
2001 100  3   4.4   0.0   0.7  547. 17   -43 170.4   59    150.00    32.40     9.08
2001 100  4   4.5   1.1   0.7  557. 17   -42 170.4   42    152.00    31.80     8.94
2001 100  5   4.6   1.1   0.7  542. 17   -38 170.4   39    151.00    31.00     8.72
2001 100  6   4.5   1.1   0.7  535. 17   -39 170.4  141    149.00    29.80     8.40
2001 100  7   4.5   0.0   0.7  542. 17   -38 170.4  196    148.00    29.10     8.55
2001 100  8   4.5  -0.8   0.8  553. 17   -34 170.4  252    145.00    34.20    13.00
2001 100  9   4.4   0.2   1.2  591. 20   -30 170.4  309    166.00    51.10    23.30
2001 100 10   4.3   3.2   1.5  604. 20   -31 170.4  111    207.00    88.50    43.00
2001 100 11   4.3  -0.7   1.2  560. 20   -28 170.4  107    279.00   152.00    69.60
2001 100 12   4.4  -1.1   1.2  561. 30   -26 170.4  340    447.00   277.00   114.00
2001 100 13   4.2   0.6   1.4  556. 30   -27 170.4  519    506.00   317.00   128.00
2001 100 14   4.3  -1.8   1.5  562. 30   -31 170.4  251    609.00   389.00   154.00
2001 100 15   4.4  -1.8   1.4  554. 30   -32 170.4  200    743.00   478.00   183.00
2001 100 16   4.5  -1.8   1.4  549. 30   -36 170.4  394   1090.00   681.00   238.00
2001 100 17   4.5  -1.8   1.5  546. 30   -34 170.4  531   1260.00   774.00   263.00
2001 100 18   4.2   2.5   1.8  565. 17   -30 170.4  150   1370.00   827.00   280.00
2001 100 19   4.1   2.4   1.7  554. 17   -22 170.4   45   1610.00   958.00   317.00
2001 100 20   4.1   1.5   1.7  539. 17   -17 170.4   50   1760.00  1030.00   332.00
2001 100 21   4.2  -1.7   1.8  542. 27   -17 170.4   93   2040.00  1170.00   363.00
2001 100 22   4.1   0.7   2.0  540. 27   -25 170.4  114   2220.00  1240.00   368.00
2001 100 23   4.1  -1.9   2.0  552. 27   -24 170.4  376   2630.00  1440.00   418.00
2001 101  0   4.4  -2.1   1.9  544. 30   -28 160.3  404   3180.00  1690.00   470.00
2001 101  1   4.6  -2.0   1.7  519. 30   -31 160.3  427   3380.00  1760.00   476.00
2001 101  2   4.5  -0.9   2.0  518. 30   -30 160.3  262   3350.00  1720.00   459.00
2001 101  3   4.5  -0.2   2.2  523. 23   -29 160.3  313   3360.00  1680.00   432.00
2001 101  4   4.5  -0.1   2.0  505. 23   -31 160.3  224   3950.00  1900.00   472.00
2001 101  5   4.5  -1.1   1.8  501. 23   -29 160.3  298   4410.00  2040.00   480.00
2001 101  6   4.8  -0.6   2.0  542. 20   -24 160.3  401   3760.00  1700.00   413.00
2001 101  7   4.5  -1.4   2.0  515. 20   -27 160.3  298   4520.00  1970.00   474.00
2001 101  8   4.5  -0.8   1.9  512. 20   -24 160.3  363   4290.00  1830.00   440.00
2001 101  9   4.3  -1.2   1.9  509. 20   -21 160.3  319   5150.00  2070.00   476.00
2001 101 10   4.3  -0.6   1.7  500. 20   -23 160.3  314   5130.00  1980.00   465.00
2001 101 11   4.3   1.2   1.8  500. 20   -24 160.3  158   5650.00  2080.00   468.00
2001 101 12   4.6  -0.2   1.9  499. 37   -21 160.3  106   6160.00  2180.00   477.00
2001 101 13   6.5  -1.7   2.8  509. 37   -17 160.3  407   8490.00  2690.00   547.00
2001 101 14  12.2  -0.8   7.6  590. 37    -8 160.3  743  11000.00  3440.00   673.00
2001 101 15  13.5  -6.2   9.0  612. 80    -2 160.3  886  12900.00  3810.00   703.00
2001 101 16  32.3 -11.6  21.6  671. 80   -26 160.3 1699  11000.00  3260.00   672.00
2001 101 17  21.8 -11.3  20.7  678. 80   -84 160.3  956   9650.00  2930.00   622.00
2001 101 18  24.1  -4.1  24.7  672. 77  -105 160.3  869  11100.00  3520.00   740.00
2001 101 19  31.8  -6.3  24.2  712. 77  -104 160.3 1227   9690.00  3550.00   886.00
2001 101 20  27.9  -8.0  22.6  732. 77  -147 160.3 1537   9760.00  4060.00  1170.00
2001 101 21  22.3 -18.8  20.7  712. 83  -205 160.3  799   8750.00  3660.00  1060.00
2001 101 22  24.0 -11.1  20.6  721. 83  -215 160.3 1302   6980.00  2870.00   827.00
2001 101 23  34.5 -20.5   7.3  725. 83  -271 160.3  821   5010.00  2140.00   640.00
2001 102  0  31.4  -8.9   2.2  722. 73  -236 149.8  715   5270.00  2160.00   625.00
2001 102  1  26.6  -7.6   3.7  688. 73  -215 149.8  963   4110.00  1790.00   540.00
2001 102  2  24.2  -8.7   4.4  682. 73  -210 149.8  603   3870.00  1700.00   521.00
2001 102  3  22.2  -7.0   3.1  698. 63  -187 149.8  567   3570.00  1580.00   485.00
2001 102  4  18.8  -2.3   3.8  697. 63  -170 149.8  756   2900.00  1280.00   388.00
2001 102  5  17.2  -1.7   4.0  687. 63  -164 149.8  718   2440.00  1070.00   320.00
2001 102  6  18.5  -5.3   3.2  628. 53  -162 149.8  606   2090.00   914.00   270.00
2001 102  7  19.6  -3.7   2.5  666. 53  -155 149.8  812   1830.00   782.00   226.00
2001 102  8  20.3   1.3   1.2  674. 53  -148 149.8  517   1680.00   725.00   210.00
2001 102  9  19.6   3.8   1.4  645. 50  -134 149.8  552    784.00   385.00   124.00
2001 102 10  18.5   6.3   1.6  642. 50  -125 149.8  358    929.00   437.00   135.00
2001 102 11  17.1   7.4   3.2  643. 50  -117 149.8  247    597.00   295.00    94.50
2001 102 12  14.7   9.3   3.2  613. 37  -112 149.8  195    468.00   224.00    73.80
2001 102 13  13.9   8.2   2.7  600. 37  -107 149.8  123    516.00   245.00    85.90
2001 102 14  12.7   7.2   1.5  603. 37  -109 149.8  143    467.00   221.00    77.50
2001 102 15  11.8   7.4   1.5  622. 30  -108 149.8  133    411.00   198.00    70.00
2001 102 16  10.0   7.6   1.7  634. 30  -102 149.8   74    576.00   258.00    92.70
2001 102 17   7.8   4.9   1.2  646. 30   -95 149.8   83    751.00   291.00   101.00
2001 102 18   5.6   3.2   0.7  685.  7   -91 149.8   54    787.00   294.00    95.80
2001 102 19   6.0   2.8   0.7  676.  7   -85 149.8   49    917.00   336.00   112.00
2001 102 20   6.8   2.8   0.8  675.  7   -79 149.8   40    846.00   320.00   113.00
2001 102 21   6.5   2.6   0.7  675. 10   -77 149.8   56    781.00   293.00   103.00
2001 102 22   6.5   2.8   0.7  665. 10   -77 149.8   45    740.00   272.00    94.40
2001 102 23   6.2   3.3   0.8  652. 10   -76 149.8   44    690.00   253.00    88.30
2001 103  0   5.7   2.8   0.7  654. 10   -76 137.8   27    640.00   234.00    81.30
2001 103  1   5.7   2.2   1.1  640. 10   -74 137.8   35    587.00   215.00    73.60
2001 103  2   5.9   1.7   1.2  630. 10   -72 137.8   36    574.00   208.00    69.60
2001 103  3   5.8   2.5   1.2  625. 17   -70 137.8   34    556.00   200.00    66.10
2001 103  4   5.9   1.7   1.2  633. 17   -66 137.8   45    508.00   183.00    59.90
2001 103  5   5.4   0.5   1.0  610. 17   -66 137.8  106    503.00   177.00    56.80
2001 103  6   5.0  -0.7   1.1  585. 33   -66 137.8   86    472.00   162.00    51.20
2001 103  7   6.8   0.9   1.2  633. 33   -59 137.8  174    460.00   151.00    47.10
2001 103  8  10.9   3.6   2.0  761. 33   -41 137.8  279    348.00   126.00    40.50
2001 103  9  12.1   1.7   3.6  821. 73   -31 137.8  410    275.00    98.00    31.50
2001 103 10   9.8  -6.9   9.7  833. 73   -14 137.8 1282    234.00    90.50    29.90
2001 103 11  14.3   3.1   3.6  798. 73   -60 137.8  815    223.00    83.40    27.10
2001 103 12  12.2   1.5   5.6  793. 57   -43 137.8  355    210.00    75.80    24.50
2001 103 13  12.9   0.4   3.2  799. 57   -50 137.8  775    228.00    85.80    27.90
2001 103 14  11.9   1.1   3.1  812. 57   -64 137.8  775    240.00    93.10    30.10
2001 103 15  10.7   1.0   2.1  805. 50   -77 137.8  453    196.00    79.90    26.60
2001 103 16   9.3  -0.7   2.7  808. 50   -71 137.8  600    188.00    73.20    23.80
2001 103 17   9.7  -1.9   3.2  791. 50   -60 137.8  967    171.00    72.70    24.70
2001 103 18   8.1  -2.7   3.2  783. 57   -58 137.8 1154    142.00    60.10    20.60
2001 103 19   7.0  -1.7   2.9  770. 57   -56 137.8  921    102.00    42.10    14.40
2001 103 20   6.5  -1.9   2.3  751. 57   -66 137.8  840    112.00    47.20    16.20
2001 103 21   6.1  -1.8   2.0  739. 47   -68 137.8  752    110.00    45.50    15.30
2001 103 22   6.0  -1.3   1.6  715. 47   -71 137.8  505    118.00    46.40    15.50
2001 103 23   6.1  -1.4   1.2  705. 47   -75 137.8  446    111.00    41.80    13.70
2001 104  0   6.1  -0.8   1.0  690. 43   -75 139.6  477     96.20    36.70    11.90
2001 104  1   6.5  -0.6   0.9  680. 43   -68 139.6  395    111.00    40.30    13.00
2001 104  2  10.0  -1.4   0.7  721. 43   -64 139.6  377    106.00    39.70    13.00
2001 104  3  10.2  -0.4   1.4  669. 37   -57 139.6  402     98.60    35.50    11.70
2001 104  4  10.3  -0.1   1.7  670. 37   -53 139.6  289     99.30    32.20    10.40
2001 104  5   9.8   0.5   1.6  655. 37   -48 139.6  274     80.40    27.70     9.12
2001 104  6   9.8   1.5   0.8  666. 33   -53 139.6  173     76.00    23.90     7.51
2001 104  7   8.9  -1.1   2.3  657. 33   -40 139.6  379     66.70    25.70     8.72
2001 104  8   8.3  -0.2   3.3  628. 33   -41 139.6  383     64.50    25.80     8.72
2001 104  9   8.2  -0.8   3.4  638. 33   -39 139.6  533     55.90    22.30     7.51
2001 104 10   7.6   0.9   2.8  655. 33   -45 139.6  525     50.70    20.20     6.70
2001 104 11   6.9   3.2   3.4  645. 33   -43 139.6  246     43.20    17.60     5.99
2001 104 12   6.1   0.1   2.0  678. 33   -38 139.6  375     37.10    15.80     5.50
2001 104 13   5.4  -0.2   2.1  677. 33   -33 139.6  401     32.50    14.20     5.03
2001 104 14   4.5  -1.0   2.0  669. 33   -35 139.6  523     29.40    13.00     4.62
2001 104 15   5.2   0.3   2.0  660. 33   -40 139.6  367     29.70    13.40     5.33
2001 104 16   5.8  -1.8   1.5  703. 33   -38 139.6  266     28.80    12.60     4.58
2001 104 17   5.2   0.2   2.7  639. 33   -35 139.6  510     22.90    10.40     3.92
2001 104 18   5.7   1.2   2.5  614. 27   -30 139.6  243     20.90     9.46     3.53
2001 104 19   5.3   0.8   1.9  608. 27   -30 139.6   66     21.30     9.94     4.18
2001 104 20   5.2   0.4   1.6  608. 27   -28 139.6   50     34.70    21.50     6.02
2001 104 21   5.0  -0.4   1.4  606. 20   -29 139.6   58     38.20    19.20     5.65
2001 104 22   4.5  -1.1   1.5  600. 20   -32 139.6  136     50.10    19.20     5.61
2001 104 23   4.3  -1.5   1.6  595. 20   -35 139.6  315     52.90    18.00     4.95
2001 105  0   4.2  -1.2   1.8  586. 27   -36 135.1  299     50.40    15.20     4.53
2001 105  1   3.6  -0.2   2.0  580. 27   -36 135.1  211     49.40    14.60     4.47
2001 105  2   3.5  -1.4   2.1  566. 27   -37 135.1  196     44.10    13.90     4.31
2001 105  3   3.5  -1.8   1.8  553. 33   -34 135.1  455     37.90    12.50     3.96
2001 105  4   3.4  -1.6   1.8  565. 33   -35 135.1  520     34.70    11.60     3.85
2001 105  5   2.9  -1.7   1.6  559. 33   -33 135.1  299     32.90    11.10     3.68
2001 105  6   3.3  -2.7   1.2  555. 27   -35 135.1  368     30.80    10.60     3.51
2001 105  7   3.2  -2.2   1.2  551. 27   -34 135.1  396     30.80    10.60     3.49
2001 105  8   3.9  -2.3   0.7  565. 27   -37 135.1  378     28.50     9.74     3.33
2001 105  9   2.7  -0.1   1.1  535. 17   -37 135.1  300     26.70     9.59     3.32
2001 105 10   3.1  -1.9   1.2  504. 17   -38 135.1  352     26.20     9.52     3.28
2001 105 11   3.4  -1.9   1.2  496. 17   -38 135.1  313     25.20     9.53     3.35
2001 105 12   3.4  -2.0   1.1  500. 43   -35 135.1  424     24.00     9.27     3.23
2001 105 13   3.4  -2.1   1.2  497. 43   -30 135.1  369     22.50     8.86     3.20
2001 105 14   3.4  -2.1   1.3  499. 43   -29 135.1  322    117.00   103.00    91.00
2001 105 15   3.0  -1.3   1.5  503. 23   -29 135.1  254    391.00   375.00   349.00
2001 105 16   2.3   0.3   1.7  505. 23   -30 135.1  239    618.00   601.00   566.00
2001 105 17   2.4  -0.5   1.9  504. 23   -25 135.1   91    835.00   817.00   745.00
2001 105 18   2.9  -1.6   2.2  508. 20   -22 135.1  147   1060.00  1020.00   879.00
2001 105 19   3.8  -2.0   1.9  497. 20   -21 135.1  416   1330.00  1250.00  1030.00
2001 105 20   4.1  -2.2   2.2  487. 20   -20 135.1  431   1330.00  1230.00   951.00
2001 105 21   4.2  -2.8   1.7  492. 23   -21 135.1  388   1470.00  1310.00   945.00
2001 105 22   4.3  -2.9   1.6  508. 23   -25 135.1  495   1650.00  1420.00   952.00
2001 105 23   4.9  -3.3   1.8  502. 23   -30 135.1  504   1580.00  1330.00   851.00
2001 106  0   5.1  -3.5   1.3  491. 33   -33 124.3  497   1750.00  1430.00   870.00
2001 106  1   4.6  -3.2   1.7  491. 33   -36 124.3  514   2010.00  1580.00   892.00
2001 106  2   5.3  -0.3   1.7  476. 33   -36 124.3  516   2090.00  1590.00   852.00
2001 106  3   4.1   1.2   1.5  475. 23   -34 124.3  203   2270.00  1680.00   863.00
2001 106  4   3.9  -0.5   1.7  489. 23   -32 124.3   99   2270.00  1630.00   798.00
2001 106  5   4.2   1.3   1.8  490. 23   -31 124.3   98   2140.00  1490.00   701.00
2001 106  6   3.9   2.5   1.9  460. 13   -30 124.3   59   2380.00  1580.00   700.00
2001 106  7   4.0   1.7   2.0  456. 13   -24 124.3   62   2200.00  1430.00   616.00
2001 106  8   3.7  -1.2   1.7  457. 13   -21 124.3   69   2290.00  1440.00   592.00
2001 106  9   3.5  -1.7   1.8  454. 13   -19 124.3  138   2200.00  1340.00   535.00
2001 106 10   3.5   1.0   2.1  456. 13   -22 124.3  287   2200.00  1300.00   504.00
2001 106 11   3.6  -0.5   1.9  441. 13   -21 124.3  185   2280.00  1290.00   479.00
2001 106 12   3.7   0.3   1.9  435. 17   -20 124.3  118   2090.00  1170.00   432.00
2001 106 13   3.8  -1.4   2.1  452. 17   -17 124.3  151   2010.00  1100.00   398.00
2001 106 14   3.6   0.5   2.0  461. 17   -18 124.3  199   1780.00   971.00   355.00
2001 106 15   3.6  -1.0   2.2  439. 17   -22 124.3  130   1890.00   987.00   348.00
2001 106 16   3.7  -2.2   2.2  446. 17   -22 124.3  291   1770.00   911.00   317.00
2001 106 17   3.9  -1.2   2.2  443. 17   -20 124.3  313   1570.00   806.00   280.00
2001 106 18   3.8  -1.5   2.3  440. 13   -20 124.3  160   1600.00   799.00   270.00
2001 106 19   3.9  -2.5   2.2  415. 13   -19 124.3  139   1550.00   758.00   252.00
2001 106 20   3.8  -1.5   2.1  411. 13   -19 124.3  189   1410.00   685.00   225.00
2001 106 21   3.8  -0.7   2.5  428. 23   -19 124.3   71   1400.00   659.00   213.00
2001 106 22   3.9  -1.7   2.3  428. 23   -19 124.3  187   1270.00   596.00   190.00
2001 106 23   3.9  -3.1   2.6  430. 23   -21 124.3  344   1280.00   591.00   184.00
2001 107  0   3.7  -2.2   2.7  442. 20   -25 127.1  304   1200.00   536.00   164.00
2001 107  1   3.5  -1.1   2.2  418. 20   -30 127.1  272   1130.00   496.00   148.00
2001 107  2   3.9  -1.5   2.6  408. 20   -29 127.1  196   1090.00   469.00   138.00
2001 107  3   4.1  -2.2   2.9  392. 23   -25 127.1  207   1050.00   445.00   129.00
2001 107  4   4.0  -3.3   2.9  395. 23   -21 127.1  309   1050.00   430.00   120.00
2001 107  5   4.1  -2.5   2.9  380. 23   -24 127.1  353   1010.00   402.00   111.00
2001 107  6   4.1  -1.9   2.8  380. 10   -25 127.1  281    972.00   380.00   103.00
2001 107  7   4.1  -1.2   2.8  376. 10   -22 127.1  148    943.00   357.00    94.30
2001 107  8   4.1  -1.0   3.1  373. 10   -15 127.1  150    850.00   324.00    85.70
2001 107  9   4.1  -0.4   3.1  377. 10   -12 127.1  201    756.00   285.00    76.20
2001 107 10   3.9  -1.4   3.9  379. 10   -12 127.1  140    726.00   268.00    70.80
2001 107 11   3.8  -1.1   3.8  379. 10   -14 127.1  210    700.99   220.99    60.99
2001 107 12   4.0  -1.7   5.0  371. 13   -14 127.1  180    616.00   215.00    55.90
2001 107 13   4.1  -1.9   5.0  363. 13   -14 127.1  143    629.00   211.00    53.90
2001 107 14   4.2  -2.0   5.1  372. 13   -13 127.1  179    538.00   182.00    47.40
2001 107 15   4.2  -2.6   5.3  369. 17   -18 127.1  138    554.00   182.00    45.80
2001 107 16   4.1  -2.7   4.8  364. 17   -18 127.1  331    492.00   162.00    41.70
2001 107 17   4.5  -3.3   5.3  374. 17   -12 127.1  476    419.00   140.00    37.40
2001 107 18   4.7  -3.6   5.5  374. 13   -14 127.1  423    387.00   129.00    34.50
2001 107 19   5.0  -3.5   5.9  371. 13   -18 127.1  527    381.00   124.00    32.80
2001 107 20   5.1  -1.5   6.2  380. 13   -18 127.1  505    323.00   107.00    29.30
2001 107 21   4.7  -2.0   6.3  379. 23   -18 127.1  310    313.00   102.00    27.70
2001 107 22   5.2  -4.4   5.2  360. 23   -21 127.1  336    406.00   114.00    28.50
2001 107 23   4.9  -2.8   5.1  356. 23   -29 127.1  461    448.00   112.00    27.50
2001 108  0   4.7  -1.8   4.9  360. 60   -25 133.0  509    456.00   105.00    25.60
2001 108  1  17.9  -6.7  20.2  481. 60    -8 133.0 1399    285.00    76.60    20.30
2001 108  2  21.8 -15.7  18.1  484. 60   -24 133.0 1058    148.00    48.70    15.10
2001 108  3  23.8 -19.6  17.2  496. 73   -49 133.0  940    122.00    51.50    24.60
2001 108  4  20.6  -0.8  16.8  503. 73   -94 133.0  961    119.00    73.40    53.70
2001 108  5  13.5  -7.9  29.6  519. 73  -104 133.0  818    172.00   144.00   122.00
2001 108  6   9.1   0.4  26.4  513. 67  -114 133.0  740    366.00   326.00   240.00
2001 108  7  15.1   5.1  17.1  518. 67  -109 133.0  419    652.00   467.00   261.00
2001 108  8  13.6   9.1  16.9  494. 67  -102 133.0  288   1520.00   822.00   351.00
2001 108  9  13.6  12.2  14.9  482. 30   -83 133.0  227   1400.00   775.00   349.00
2001 108 10  12.2   8.4  14.7  489. 30   -74 133.0  132   1770.00  1060.00   496.00
2001 108 11   9.8   1.6  13.0  490. 30   -72 133.0  107   1110.00   606.00   305.00
2001 108 12  10.4   4.7  11.2  483. 20   -68 133.0  111    888.00   499.00   270.00
2001 108 13   9.5   0.4   9.8  484. 20   -67 133.0   98    858.00   480.00   256.00
2001 108 14   9.5   0.2   8.2  484. 20   -69 133.0   79    800.00   450.00   242.00
2001 108 15   9.5  -1.0   7.8  482. 27   -71 133.0  234    750.00   425.00   228.00
2001 108 16  10.3  -1.8   6.8  486. 27   -73 133.0  406    692.00   397.00   210.00
2001 108 17  10.4  -2.0   6.6  483. 27   -71 133.0  431    660.00   377.00   199.00
2001 108 18  10.5  -2.0   5.5  478. 23   -68 133.0  441    624.00   356.00   186.00
2001 108 19  10.7  -2.3   4.9  480. 23   -71 133.0  301    614.00   345.00   177.00
2001 108 20  10.8  -2.9   4.6  477. 23   -69 133.0  374    597.00   340.00   174.00
2001 108 21  10.7  -1.8   4.2  470. 27   -67 133.0  281    525.00   297.00   152.00
2001 108 22  10.4  -1.4   3.9  470. 27   -66 133.0  301    452.00   261.00   134.00
2001 108 23  10.7  -2.2   3.8  467. 27   -70 133.0  496    402.00   237.00   122.00
2001 109  0  11.0  -3.5   3.2  469. 27   -73 145.8  588    376.00   223.00   115.00
2001 109  1  10.4  -2.8   2.9  469. 27   -78 145.8  481    365.00   213.00   107.00
2001 109  2  10.5  -2.6   3.7  469. 27   -71 145.8  367    334.00   194.00    96.60
2001 109  3  10.1  -0.8   4.7  471. 23   -62 145.8  292    242.00   150.00    78.40
2001 109  4   9.4  -1.0   4.2  472. 23   -59 145.8  116    235.00   145.00    75.80
2001 109  5   9.3  -0.6   3.5  468. 23   -55 145.8  117    206.00   128.00    66.30
2001 109  6   8.9  -0.8   3.2  463. 13   -50 145.8  128    188.00   115.00    58.60
2001 109  7   8.5  -0.1   3.4  456. 13   -44 145.8  209    178.00   110.00    55.90
2001 109  8   8.2   1.1   3.5  454. 13   -40 145.8  108    181.00   110.00    54.60
2001 109  9   8.1   0.0   3.9  445. 13   -37 145.8   58    183.00   110.00    54.20
2001 109 10   7.8   1.8   3.8  444. 13   -38 145.8   89    166.00   104.00    51.90
2001 109 11   7.7   1.1   3.6  434. 13   -38 145.8  126    165.00   100.00    48.90
2001 109 12   7.5   0.2   3.2  440. 13   -35 145.8   81    151.00    92.60    44.80
2001 109 13   7.3   0.6   3.7  431. 13   -31 145.8  121    123.00    74.80    36.30
2001 109 14   7.2   1.9   4.2  422. 13   -31 145.8  122    116.00    71.10    34.50
2001 109 15   7.0   2.3   4.4  415.  7   -31 145.8  105    136.00    82.40    38.60
2001 109 16   6.9   2.7   3.5  418.  7   -31 145.8   49    133.00    80.50    37.70
2001 109 17   6.6   3.3   3.7  418.  7   -27 145.8   34    130.00    79.40    36.90
2001 109 18   6.3   1.7   4.6  408.  7   -20 145.8   36    119.00    72.80    33.80
2001 109 19   6.4   0.3   4.1  404.  7   -22 145.8   44    130.00    78.00    35.40
2001 109 20   6.4  -0.3   3.8  402.  7   -23 145.8   60    135.00    80.80    35.90
2001 109 21   6.3  -0.9   3.6  400. 20   -25 145.8  107    130.00    77.70    34.40
2001 109 22   6.1  -0.5   4.0  398. 20   -26 145.8  240    146.00    85.90    37.20
2001 109 23   6.1  -1.6   4.2  393. 20   -27 145.8   96    146.00    85.50    36.70
2001 110  0   5.9  -1.7   3.4  391. 27   -30 182.2   75    140.00    81.90    34.90
2001 110  1   5.5  -2.6   4.3  396. 27   -29 182.2  148    134.00    78.10    33.10
2001 110  2   5.4  -1.4   3.8  391. 27   -33 182.2  262    129.00    74.60    31.20
2001 110  3   5.0  -1.2   3.6  394. 27   -34 182.2  160    118.00    68.50    29.00
2001 110  4   4.9  -0.9   3.1  397. 27   -29 182.2  286    118.00    68.00    28.40
2001 110  5   5.2  -1.5   3.0  396. 27   -24 182.2  277    128.00    73.10    30.10
2001 110  6   5.2  -0.7   2.9  394. 10   -24 182.2  163    121.00    69.00    28.50
2001 110  7   5.4   0.0   2.5  394. 10   -22 182.2  103    116.00    66.20    27.20
2001 110  8   5.3  -1.6   2.7  386. 10   -18 182.2   73    110.00    62.70    25.90
2001 110  9   5.2  -1.2   2.4  381. 13   -19 182.2  162    104.00    58.70    24.20
2001 110 10   5.1  -1.7   2.6  375. 13   -20 182.2  166     97.50    54.70    22.40
2001 110 11   4.6  -1.7   3.2  381. 13   -24 182.2  224     90.50    51.20    21.10
2001 110 12   4.6  -1.0   2.6  399. 20   -25 182.2  195     88.00    49.60    20.10
2001 110 13   4.7  -0.7   2.2  398. 20   -21 182.2  239     60.90    35.30    15.10
2001 110 14   3.6   0.3   3.1  403. 20   -17 182.2  105     42.00    25.10    11.20
2001 110 15   3.9  -0.8   3.1  402.  7   -18 182.2   73     42.10    25.10    11.30
2001 110 16   3.8  -0.4   3.5  401.  7   -19 182.2   68     42.99    25.99    10.99
2001 110 17   4.3  -0.8   3.6  397.  7   -14 182.2   77     43.30    25.00    10.70
2001 110 18   4.5  -0.9   4.0  394.  7   -13 182.2   74     39.30    22.80     9.86
2001 110 19   4.6  -0.3   4.2  391.  7   -14 182.2   49     34.50    20.40     8.94
2001 110 20   4.5  -0.2   3.9  387.  7   -13 182.2   51     32.70    19.40     8.58
2001 110 21   4.2  -0.9   3.7  385. 13   -13 182.2   51     31.80    18.80     8.34
2001 110 22   4.4  -1.2   3.5  382. 13   -15 182.2   59     29.60    17.50     7.69
2001 110 23   4.4  -1.4   3.3  378. 13   -12 182.2   64     27.80    16.50     7.34
