2001  89  0 23 338 256.3
2001  89  1 23 338 256.3
2001  89  2 23 338 256.3
2001  89  3 23 338 256.3
2001  89  4 23 338 256.3
2001  89  5 23 338 256.3
2001  89  6 27 338 256.3
2001  89  7 27 338 256.3
2001  89  8 27 338 256.3
2001  89  9 20 338 256.3
2001  89 10 20 338 256.3
2001  89 11 20 338 256.3
2001  89 12 27 338 256.3
2001  89 13 27 338 256.3
2001  89 14 27 338 256.3
2001  89 15 27 338 256.3
2001  89 16 27 338 256.3
2001  89 17 27 338 256.3
2001  89 18 30 338 256.3
2001  89 19 30 338 256.3
2001  89 20 30 338 256.3
2001  89 21 33 338 256.3
2001  89 22 33 338 256.3
2001  89 23 33 338 256.3
2001  90  0 67 300 245.3
2001  90  1 67 300 245.3
2001  90  2 67 300 245.3
2001  90  3 87 300 245.3
2001  90  4 87 300 245.3
2001  90  5 87 300 245.3
2001  90  6 87 300 245.3
2001  90  7 87 300 245.3
2001  90  8 87 300 245.3
2001  90  9 63 300 245.3
2001  90 10 63 300 245.3
2001  90 11 63 300 245.3
2001  90 12 70 300 245.3
2001  90 13 70 300 245.3
2001  90 14 70 300 245.3
2001  90 15 80 300 245.3
2001  90 16 80 300 245.3
2001  90 17 80 300 245.3
2001  90 18 83 300 245.3
2001  90 19 83 300 245.3
2001  90 20 83 300 245.3
2001  90 21 73 300 245.3
2001  90 22 73 300 245.3
2001  90 23 73 300 245.3
2001  91  0 50 279 257.2
2001  91  1 50 279 257.2
2001  91  2 50 279 257.2
2001  91  3 57 279 257.2
2001  91  4 57 279 257.2
2001  91  5 57 279 257.2
2001  91  6 53 279 257.2
2001  91  7 53 279 257.2
2001  91  8 53 279 257.2
2001  91  9 30 279 257.2
2001  91 10 30 279 257.2
2001  91 11 30 279 257.2
2001  91 12 33 279 257.2
2001  91 13 33 279 257.2
2001  91 14 33 279 257.2
2001  91 15 30 279 257.2
2001  91 16 30 279 257.2
2001  91 17 30 279 257.2
2001  91 18 47 279 257.2
2001  91 19 47 279 257.2
2001  91 20 47 279 257.2
2001  91 21 50 279 257.2
2001  91 22 50 279 257.2
2001  91 23 50 279 257.2
2001  92  0 47 249 227.9
2001  92  1 47 249 227.9
2001  92  2 47 249 227.9
2001  92  3 37 249 227.9
2001  92  4 37 249 227.9
2001  92  5 37 249 227.9
2001  92  6 37 249 227.9
2001  92  7 37 249 227.9
2001  92  8 37 249 227.9
2001  92  9 30 249 227.9
2001  92 10 30 249 227.9
2001  92 11 30 249 227.9
2001  92 12 30 249 227.9
2001  92 13 30 249 227.9
2001  92 14 30 249 227.9
2001  92 15 40 249 227.9
2001  92 16 40 249 227.9
2001  92 17 40 249 227.9
2001  92 18 37 249 227.9
2001  92 19 37 249 227.9
2001  92 20 37 249 227.9
2001  92 21 27 249 227.9
2001  92 22 27 249 227.9
2001  92 23 27 249 227.9
2001  93  0 23 254 223.1
2001  93  1 23 254 223.1
2001  93  2 23 254 223.1
2001  93  3 17 254 223.1
2001  93  4 17 254 223.1
2001  93  5 17 254 223.1
2001  93  6 13 254 223.1
2001  93  7 13 254 223.1
2001  93  8 13 254 223.1
2001  93  9 10 254 223.1
2001  93 10 10 254 223.1
2001  93 11 10 254 223.1
2001  93 12 10 254 223.1
2001  93 13 10 254 223.1
2001  93 14 10 254 223.1
2001  93 15 27 254 223.1
2001  93 16 27 254 223.1
2001  93 17 27 254 223.1
2001  93 18 13 254 223.1
2001  93 19 13 254 223.1
2001  93 20 13 254 223.1
2001  93 21 20 254 223.1
2001  93 22 20 254 223.1
2001  93 23 20 254 223.1
2001  94  0 23 201 205.0
2001  94  1 23 201 205.0
2001  94  2 23 201 205.0
2001  94  3 23 201 205.0
2001  94  4 23 201 205.0
2001  94  5 23 201 205.0
2001  94  6 20 201 205.0
2001  94  7 20 201 205.0
2001  94  8 20 201 205.0
2001  94  9 17 201 205.0
2001  94 10 17 201 205.0
2001  94 11 17 201 205.0
2001  94 12 47 201 205.0
2001  94 13 47 201 205.0
2001  94 14 47 201 205.0
2001  94 15 50 201 205.0
2001  94 16 50 201 205.0
2001  94 17 50 201 205.0
2001  94 18 53 201 205.0
2001  94 19 53 201 205.0
2001  94 20 53 201 205.0
2001  94 21 20 201 205.0
2001  94 22 20 201 205.0
2001  94 23 20 201 205.0
2001  95  0 17 200 207.8
2001  95  1 17 200 207.8
2001  95  2 17 200 207.8
2001  95  3 20 200 207.8
2001  95  4 20 200 207.8
2001  95  5 20 200 207.8
2001  95  6 43 200 207.8
2001  95  7 43 200 207.8
2001  95  8 43 200 207.8
2001  95  9 43 200 207.8
2001  95 10 43 200 207.8
2001  95 11 43 200 207.8
2001  95 12 30 200 207.8
2001  95 13 30 200 207.8
2001  95 14 30 200 207.8
2001  95 15 37 200 207.8
2001  95 16 37 200 207.8
2001  95 17 37 200 207.8
2001  95 18 33 200 207.8
2001  95 19 33 200 207.8
2001  95 20 33 200 207.8
2001  95 21 33 200 207.8
2001  95 22 33 200 207.8
2001  95 23 33 200 207.8
