2001  89  0   3.1   4.1  184    41.90    16.90
2001  89  1   3.3   3.5  153    53.70    20.10
2001  89  2   3.8   2.7  128    50.10    18.60
2001  89  3   3.4   3.8  137    49.30    17.20
2001  89  4   2.7   5.4   82    50.70    16.50
2001  89  5   2.7   5.8   97    58.60    18.40
2001  89  6   2.9   4.5  147    71.50    21.10
2001  89  7   2.6   5.2  174    70.80    19.90
2001  89  8   2.5   5.3  213    66.70    18.40
2001  89  9   2.0   6.3  260    65.00    17.40
2001  89 10   2.0   6.9  251 99999.99 99999.99
2001  89 11   3.5   5.8  234    56.00    15.10
2001  89 12   3.0   7.5  320    58.50    14.10
2001  89 13   3.2   8.4  222    57.30    13.70
2001  89 14   2.6   8.7  125    61.20    13.80
2001  89 15   2.4   9.1  120    70.80    14.80
2001  89 16   2.9   9.0  246    77.00    15.40
2001  89 17   2.7   8.2  247    69.40    14.00
2001  89 18   3.0   9.0  247    78.40    14.20
2001  89 19   5.5   6.5   54    97.50    15.50
2001  89 20   4.3   9.0   57   102.00    15.60
2001  89 21   3.3  11.5   91   108.00    15.80
2001  89 22   3.7  16.4  111   128.00    17.20
2001  89 23   6.2  24.0  251   189.00    20.70
2001  90  0   7.4  26.0  405   174.00    18.60
2001  90  1  48.2  29.6  689   145.00    13.50
2001  90  2  47.1  11.5  417   127.00    13.60
2001  90  3  45.1  22.3  936   149.00    14.60
2001  90  4  37.7  37.9  946   181.00    17.50
2001  90  5  36.1  29.8  668   163.00    15.00
2001  90  6  46.9  11.3  492    56.30     5.47
2001  90  7  43.1  13.1  792    52.20     5.03
2001  90  8  37.6  17.5  753    40.30     4.03
2001  90  9  33.5  19.8  302    26.40     2.93
2001  90 10  31.8  25.2  200    29.90     3.29
2001  90 11  22.0  20.8  243    25.00     2.97
2001  90 12  19.0  26.1  286    21.00     2.53
2001  90 13  36.8  11.6  751    15.40     2.11
2001  90 14  32.3  10.4  481    14.10     1.97
2001  90 15  35.2   7.6  537     9.43     1.52
2001  90 16  33.1   4.5 1524    10.70     1.64
2001  90 17  31.2  11.9 1124    11.90     2.09
2001  90 18  29.5  12.5 1503    11.20     1.64
2001  90 19  30.2   8.7  641    15.40     1.93
2001  90 20  20.9  15.5 1055    16.00     1.93
2001  90 21  20.9   5.0  960    11.90     1.78
2001  90 22  27.2   5.0  742     8.19     1.51
2001  90 23  23.0   8.3  332    14.60     1.83
2001  91  0  15.2   3.1  138    20.10     2.10
2001  91  1   8.6   2.9   80    17.00     2.74
2001  91  2   8.8   2.1   97     9.88     1.52
2001  91  3   8.5   1.7  238    10.20     1.70
2001  91  4   9.1   1.3  126 99999.99 99999.99
2001  91  5   8.1   2.1  446     3.29     1.02
2001  91  6   9.0   1.9  842     3.22     0.91
2001  91  7  10.0   2.1  874     3.44     1.04
2001  91  8   9.8   1.7  406     3.25     0.93
2001  91  9   9.1   1.2  185     3.10     0.96
2001  91 10   8.3   0.9  156     2.90     0.96
2001  91 11   8.0   0.8   89     2.86     0.96
2001  91 12   7.4   1.0   91     2.75     0.92
2001  91 13   7.0   1.0   70     2.62     0.88
2001  91 14   6.3   0.7  161     2.67     0.86
2001  91 15   5.6   0.7  243     2.63     0.91
2001  91 16   5.3   0.8  308     2.52     0.90
2001  91 17   5.1   1.0  426     2.60     1.00
2001  91 18   4.8   1.1  590     2.46     0.93
2001  91 19   4.7   1.2  637     2.55     0.97
2001  91 20   4.8   1.2  562     2.50     0.89
2001  91 21   5.8   1.1  682     2.90     0.95
2001  91 22   5.9   1.5  690     2.88     0.96
2001  91 23   5.1   2.5  563     2.95     0.93
2001  92  0   4.7   2.7  433     3.00     1.02
2001  92  1   4.0   3.2  443     3.01     1.01
2001  92  2   3.8   3.5  510     3.06     1.06
2001  92  3   4.4   2.7  470     2.97     0.98
2001  92  4   4.3   2.5  514     2.90     0.99
2001  92  5   3.8   2.4  305     2.90     1.00
2001  92  6   4.2   2.3  437     2.80     0.94
2001  92  7   3.9   2.8  480     2.84     1.01
2001  92  8   4.0   2.2  527     3.00     0.99
2001  92  9   3.9   1.4  455     3.20     1.05
2001  92 10   3.9   1.1  239     3.31     1.08
2001  92 11   4.0   1.7  222     3.16     1.00
2001  92 12   4.3   1.2  124     3.82     1.25
2001  92 13   4.2   1.2  308     5.70     2.01
2001  92 14   4.1   1.3  427     5.03     2.19
2001  92 15   4.2   1.1  428     5.31     2.38
2001  92 16   4.2   1.2  392     5.77     2.48
2001  92 17   4.3   1.1  463     6.66     2.83
2001  92 18   4.3   1.2  557     6.98     2.66
2001  92 19   4.0   1.3  435     7.15     2.55
2001  92 20   3.8   1.9  317     7.16     2.47
2001  92 21   4.3   1.7  158     6.84     2.31
2001  92 22   4.4   1.6  100     7.55     2.88
2001  92 23   4.4   1.6   99    19.70    12.80
2001  93  0   4.4   1.9   94    61.30    37.50
2001  93  1   4.2   2.7   99   214.00   118.00
2001  93  2   4.5   2.0   64   330.00   167.00
2001  93  3   4.5   2.2   42   221.00   123.00
2001  93  4   4.0   2.7   60   434.00   240.00
2001  93  5   4.2   2.7   76   519.00   274.00
2001  93  6   4.5   2.3  147   637.00   354.00
2001  93  7   4.2   2.3   95   815.00   452.00
2001  93  8   4.5   2.3  100   576.00   305.00
2001  93  9   4.5   2.6   73   503.00   292.00
2001  93 10   4.8   2.1   74   718.00   384.00
2001  93 11   4.8   2.6   67   715.00   367.00
2001  93 12   4.9   2.5   62   664.00   344.00
2001  93 13   5.0   2.8   71   523.00   273.00
2001  93 14   5.3   3.9   75   447.00   240.00
2001  93 15   5.6   4.6  166   494.00   276.00
2001  93 16   6.1   5.2  241   492.00   277.00
2001  93 17   5.9   3.2  400   606.00   231.00
2001  93 18   6.2   3.2  171   693.00   250.00
2001  93 19   5.6   3.5   52   691.00   244.00
2001  93 20   5.6   3.6   62   716.00   242.00
2001  93 21   5.9   3.9   50   702.00   235.00
2001  93 22   5.9   3.9   50   620.00   207.00
2001  93 23   6.1   4.1  185   544.00   179.00
2001  94  0   6.3   4.1  197   504.00   168.00
2001  94  1   6.5   4.0  273   463.00   150.00
2001  94  2   6.3   4.3  131   473.00   143.00
2001  94  3   6.2   4.6  230   438.00   135.00
2001  94  4   6.2   4.5  276   412.00   128.00
2001  94  5   6.5   4.1  177   388.00   120.00
2001  94  6   6.9   4.8   90   375.00   114.00
2001  94  7   7.7   6.3   90   379.00   112.00
2001  94  8   6.6   6.9  165   370.00   109.00
2001  94  9   7.3   5.8  166   366.00   106.00
2001  94 10   7.1   5.9   94   347.00   101.00
2001  94 11   7.5   5.6   73   330.00    95.10
2001  94 12   8.0   3.6   82   336.00    92.50
2001  94 13   7.1   4.4   80   329.00    92.00
2001  94 14   7.4   3.6  127   340.00    95.00
2001  94 15  16.7   6.8  352   324.00    95.20
2001  94 16  16.4   5.9  408   301.00    87.60
2001  94 17  16.8   6.4  580   367.00   110.00
2001  94 18  16.8   6.5  895   355.00   107.00
2001  94 19  15.4   4.8  331   331.00   101.00
2001  94 20  13.4   5.1  205   322.00    98.80
2001  94 21  14.8   2.7  113   287.00    89.50
2001  94 22  14.1   2.2   72   267.00    82.60
2001  94 23  11.3   2.6   56   244.00    75.00
2001  95  0   9.6   3.0   58   232.00    70.40
2001  95  1   9.5   2.2   93   244.00    73.20
2001  95  2  10.6   1.5  246   233.00    71.40
2001  95  3   9.6   1.5  172   217.00    66.80
2001  95  4   9.1   1.5   86   209.00    64.90
2001  95  5   9.0   1.5   44   190.00    58.40
2001  95  6   8.9   2.1  388   191.00    58.40
2001  95  7   7.7   2.2  799   187.00    57.80
2001  95  8   6.2   2.7  552   169.00    52.70
2001  95  9   6.3   2.6  402   170.00    51.90
2001  95 10   5.5   2.4  848   162.00    49.40
2001  95 11   5.0   2.3  820   154.00    47.10
2001  95 12   6.1   2.2  235   153.00    45.80
2001  95 13   5.6   2.9   98   146.00    42.90
2001  95 14   5.8   3.4   86   147.00    43.90
2001  95 15   5.6   3.9  102   139.00    41.70
2001  95 16   6.7   3.7  204   133.00    39.20
2001  95 17   6.3   4.5  685   127.00    36.00
2001  95 18   8.4   2.8  565   104.00    28.90
2001  95 19   9.0   2.2  117    95.20    25.30
2001  95 20   8.4   3.1   57    96.10    24.50
2001  95 21   6.5   4.8  164    89.90    22.80
2001  95 22   6.7   3.8  425    88.40    21.60
2001  95 23   7.1   4.1  214    88.10    20.00
