2001  90  0   7.4  -3.2  26.0  424. 67     0 245.3  405    18.60     1.02     0.47
2001  90  1  48.2  26.0  29.6  562. 67     3 245.3  689    13.50     0.79     0.46
2001  90  2  47.1  17.0  11.5  639. 67     5 245.3  417    13.60     0.92     0.52
2001  90  3  45.1  -1.0  22.3  703. 87    26 245.3  936    14.60     0.89     0.51
2001  90  4  37.7 -21.6  37.9  716. 87    -8 245.3  946    17.50     0.95     0.50
2001  90  5  36.1 -28.0  29.8  701. 87  -156 245.3  668    15.00     0.76     0.40
2001  90  6  46.9 -44.7  11.3  685. 87  -262 245.3  492     5.47     0.55     0.39
2001  90  7  43.1 -36.3  13.1  671. 87  -351 245.3  792     5.03     0.56     0.40
2001  90  8  37.6  19.4  17.5  644. 87  -387 245.3  753     4.03     0.47     0.34
2001  90  9  33.5  28.9  19.8  589. 63  -346 245.3  302     2.93     0.47     0.35
2001  90 10  31.8  24.4  25.2  584. 63  -317 245.3  200     3.29     0.49     0.37
2001  90 11  22.0  14.1  20.8  601. 63  -292 245.3  243     2.97     0.52     0.39
2001  90 12  19.0  -1.2  26.1  615. 70  -259 245.3  286     2.53     0.45     0.34
2001  90 13  36.8   7.9  11.6  618. 70  -249 245.3  751     2.11     0.43     0.32
2001  90 14  32.3  -5.2  10.4  622. 70  -220 245.3  481     1.97     0.43     0.32
2001  90 15  35.2 -34.6   7.6  617. 80  -222 245.3  537     1.52     0.44     0.32
2001  90 16  33.1 -32.2   4.5  604. 80  -214 245.3 1524     1.64     0.46     0.36
2001  90 17  31.2 -29.3  11.9  599. 80  -247 245.3 1124     2.09     0.73     0.49
2001  90 18  29.5 -22.4  12.5  611. 83  -254 245.3 1503     1.64     0.42     0.31
2001  90 19  30.2 -22.9   8.7  615. 83  -269 245.3  641     1.93     0.44     0.34
2001  90 20  20.9 -11.2  15.5  598. 83  -256 245.3 1055     1.93     0.40     0.29
2001  90 21  20.9  -9.2   5.0  548. 73  -284 245.3  960     1.78     0.41     0.31
2001  90 22  27.2   4.5   5.0  655. 73  -269 245.3  742     1.51     0.44     0.33
2001  90 23  23.0   9.9   8.3  723. 73  -233 245.3  332     1.83     0.43     0.31
2001  91  0  15.2  10.1   3.1  766. 50  -228 257.2  138     2.10     0.39     0.28
2001  91  1   8.6   5.3   2.9  772. 50  -213 257.2   80     2.74     0.94     0.74
2001  91  2   8.8   4.3   2.1  771. 50  -205 257.2   97     1.52     0.42     0.32
2001  91  3   8.5   3.0   1.7  765. 57  -193 257.2  238     1.70     0.53     0.40
2001  91  4   9.1   5.1   1.3  767. 57  -181 257.2  126     1.99     0.50     0.39
2001  91  5   8.1  -4.6   2.1  822. 57  -166 257.2  446     1.02     0.48     0.36
2001  91  6   9.0  -5.3   1.9  809. 53  -161 257.2  842     0.91     0.38     0.28
2001  91  7  10.0  -0.7   2.1  821. 53  -162 257.2  874     1.04     0.38     0.30
2001  91  8   9.8   3.6   1.7  818. 53  -148 257.2  406     0.93     0.36     0.28
2001  91  9   9.1   3.4   1.2  803. 30  -138 257.2  185     0.96     0.42     0.32
2001  91 10   8.3   3.3   0.9  800. 30  -142 257.2  156     0.96     0.44     0.33
2001  91 11   8.0   2.1   0.8  792. 30  -142 257.2   89     0.96     0.41     0.32
2001  91 12   7.4   2.8   1.0  766. 33  -134 257.2   91     0.92     0.41     0.31
2001  91 13   7.0   1.7   1.0  756. 33  -126 257.2   70     0.88     0.38     0.28
2001  91 14   6.3   0.5   0.7  748. 33  -116 257.2  161     0.86     0.36     0.27
2001  91 15   5.6  -0.7   0.7  733. 30  -110 257.2  243     0.91     0.40     0.31
2001  91 16   5.3  -0.3   0.8  721. 30  -105 257.2  308     0.90     0.40     0.30
2001  91 17   5.1  -1.6   1.0  699. 30   -98 257.2  426     1.00     0.46     0.34 
2001  91 18   4.8  -1.8   1.1  684. 47   -91 257.2  590     0.93     0.42     0.33
2001  91 19   4.7  -1.9   1.2  672. 47   -87 257.2  637     0.97     0.44     0.34
2001  91 20   4.8  -2.6   1.2  657. 47   -86 257.2  562     0.89     0.39     0.30
2001  91 21   5.8  -3.6   1.1  666. 50   -80 257.2  682     0.95     0.39     0.30
2001  91 22   5.9  -4.7   1.5  657. 50   -83 257.2  690     0.96     0.38     0.28
2001  91 23   5.1  -4.4   2.5  648. 50   -91 257.2  563     0.93     0.33     0.25
2001  92  0   4.7  -3.3   2.7  633. 47   -99 227.9  433     1.02     0.43     0.33
2001  92  1   4.0  -2.9   3.2  622. 47   -99 227.9  443     1.01     0.41     0.32
2001  92  2   3.8  -3.0   3.5  612. 47   -99 227.9  510     1.06     0.42     0.31
2001  92  3   4.4  -3.0   2.7  599. 37  -101 227.9  470     0.98     0.42     0.32
2001  92  4   4.3  -1.8   2.5  598. 37  -101 227.9  514     0.99     0.43     0.34
2001  92  5   3.8  -1.0   2.4  589. 37   -99 227.9  305     1.00     0.43     0.33
2001  92  6   4.2  -2.6   2.3  583. 37   -87 227.9  437     0.94     0.36     0.26
2001  92  7   3.9  -2.0   2.8  579. 37   -86 227.9  480     1.01     0.45     0.36
2001  92  8   4.0  -1.5   2.2  574. 37   -84 227.9  527     0.99     0.40     0.31
2001  92  9   3.9  -0.1   1.4  563. 30   -78 227.9  455     1.05     0.40     0.31
2001  92 10   3.9  -0.6   1.1  560. 30   -75 227.9  239     1.08     0.41     0.31
2001  92 11   4.0   1.2   1.7  556. 30   -61 227.9  222     1.00     0.32     0.23
2001  92 12   4.3   0.2   1.2  552. 30   -59 227.9  124     1.25     0.50     0.38
2001  92 13   4.2  -2.1   1.2  550. 30   -56 227.9  308     2.01     0.73     0.45
2001  92 14   4.1  -1.8   1.3  552. 30   -59 227.9  427     2.19     0.79     0.45
2001  92 15   4.2  -1.4   1.1  546. 40   -66 227.9  428     2.38     0.78     0.46
2001  92 16   4.2  -2.1   1.2  541. 40   -61 227.9  392     2.48     0.80     0.49
2001  92 17   4.3  -2.2   1.1  536. 40   -60 227.9  463     2.83     0.90     0.51
2001  92 18   4.3  -2.2   1.2  536. 37   -55 227.9  557     2.66     0.78     0.48
2001  92 19   4.0  -1.9   1.3  552. 37   -48 227.9  435     2.55     0.70     0.43
2001  92 20   3.8   0.5   1.9  549. 37   -49 227.9  317     2.47     0.66     0.40
2001  92 21   4.3   1.2   1.7  548. 27   -43 227.9  158     2.31     0.65     0.41
2001  92 22   4.4   0.7   1.6  537. 27   -38 227.9  100     2.88     1.05     0.70
2001  92 23   4.4   1.0   1.6  529. 27   -42 227.9   99    12.80     4.19     1.89
2001  93  0   4.4   0.5   1.9  524. 23   -41 223.1   94    37.50    11.00     4.59
2001  93  1   4.2   1.7   2.7  526. 23   -36 223.1   99   118.00    30.40    12.50
2001  93  2   4.5   2.6   2.0  517. 23   -37 223.1   64   167.00    46.70    23.30
2001  93  3   4.5   3.3   2.2  511. 17   -34 223.1   42   123.00    41.50    21.50
2001  93  4   4.0   1.2   2.7  501. 17   -30 223.1   60   240.00    65.30    32.10
2001  93  5   4.2   0.1   2.7  497. 17   -32 223.1   76   274.00    69.90    31.50
2001  93  6   4.5   2.2   2.3  494. 13   -36 223.1  147   354.00    84.70    34.60
2001  93  7   4.2   1.8   2.3  488. 13   -35 223.1   95   452.00    95.30    34.90
2001  93  8   4.5   2.0   2.3  477. 13   -33 223.1  100   305.00    65.70    25.00
2001  93  9   4.5   1.2   2.6  475. 10   -30 223.1   73   292.00    62.70    22.90
2001  93 10   4.8   1.6   2.1  473. 10   -33 223.1   74   384.00    69.10    23.80
2001  93 11   4.8   2.2   2.6  477. 10   -32 223.1   67   367.00    65.90    22.30
2001  93 12   4.9   3.2   2.5  473. 10   -32 223.1   62   344.00    63.20    21.70
2001  93 13   5.0   2.0   2.8  466. 10   -28 223.1   71   273.00    52.50    19.10
2001  93 14   5.3   0.1   3.9  460. 10   -27 223.1   75   240.00    49.30    19.20
2001  93 15   5.6  -0.8   4.6  451. 27   -25 223.1  166   276.00    57.30    22.70
2001  93 16   6.1  -2.1   5.2  449. 27   -22 223.1  241   277.00    60.00    24.70
2001  93 17   5.9  -0.4   3.2  456. 27   -28 223.1  400   231.00    37.20    15.00
2001  93 18   6.2   2.2   3.2  447. 13   -26 223.1  171   250.00    39.70    17.00
2001  93 19   5.6   2.0   3.5  449. 13   -20 223.1   52   244.00    38.90    17.00
2001  93 20   5.6   1.3   3.6  453. 13   -17 223.1   62   242.00    38.40    17.60
2001  93 21   5.9   3.0   3.9  460. 20   -18 223.1   50   235.00    38.40    18.00
2001  93 22   5.9   0.6   3.9  452. 20   -20 223.1   50   207.00    34.10    16.00
2001  93 23   6.1  -0.4   4.1  458. 20   -23 223.1  185   179.00    30.20    14.60
2001  94  0   6.3   0.4   4.1  450. 23   -27 205.0  197   168.00    28.50    13.80
2001  94  1   6.5   0.2   4.0  461. 23   -25 205.0  273   150.00    25.80    12.90
2001  94  2   6.3   1.4   4.3  450. 23   -26 205.0  131   143.00    23.50    11.80
2001  94  3   6.2  -1.4   4.6  453. 23   -25 205.0  230   135.00    23.00    11.80
2001  94  4   6.2   4.1   4.5  462. 23   -28 205.0  276   128.00    21.50    11.10
2001  94  5   6.5   1.8   4.1  440. 23   -25 205.0  177   120.00    20.10    10.40
2001  94  6   6.9   3.9   4.8  463. 20   -19 205.0   90   114.00    19.40    10.20
2001  94  7   7.7   1.5   6.3  492. 20   -13 205.0   90   112.00    19.20    10.30
2001  94  8   6.6   2.4   6.9  478. 20   -11 205.0  165   109.00    18.80    10.40
2001  94  9   7.3   5.5   5.8  501. 17    -7 205.0  166   106.00    17.90    10.10
2001  94 10   7.1   5.5   5.9  490. 17    -7 205.0   94   101.00    16.70     9.38
2001  94 11   7.5   5.6   5.6  497. 17    -8 205.0   73    95.10    16.00     9.10
2001  94 12   8.0   2.6   3.6  500. 47   -11 205.0   82    92.50    16.30     9.92
2001  94 13   7.1   3.6   4.4  493. 47    -9 205.0   80    92.00    16.10     9.77
2001  94 14   7.4   3.2   3.6  486. 47    -9 205.0  127    95.00    18.20    12.00
2001  94 15  16.7   5.3   6.8  634. 50    15 205.0  352    95.20    22.90    17.20
2001  94 16  16.4   1.5   5.9  709. 50     7 205.0  408    87.60    21.00    16.00
2001  94 17  16.8   7.2   6.4  670. 50    -3 205.0  580   110.00    23.30    17.30
2001  94 18  16.8  -0.2   6.5  765. 53    -6 205.0  895   107.00    22.00    15.90
2001  94 19  15.4   9.8   4.8  768. 53   -20 205.0  331   101.00    21.00    15.20
2001  94 20  13.4   7.7   5.1  713. 53   -14 205.0  205    98.80    20.00    14.20
2001  94 21  14.8   6.3   2.7  715. 20   -22 205.0  113    89.50    18.00    12.60
2001  94 22  14.1   4.7   2.2  726. 20   -30 205.0   72    82.60    16.60    11.60
2001  94 23  11.3   3.6   2.6  685. 20   -31 205.0   56    75.00    15.20    10.50
2001  95  0   9.6   1.7   3.0  660. 17   -29 207.8   58    70.40    14.30     9.97
2001  95  1   9.5  -1.8   2.2  659. 17   -28 207.8   93    73.20    14.20     9.74
2001  95  2  10.6  -2.2   1.5  699. 17   -32 207.8  246    71.40    13.50     8.90
2001  95  3   9.6  -0.1   1.5  698. 20   -36 207.8  172    66.80    12.80     8.42
2001  95  4   9.1  -0.4   1.5  686. 20   -36 207.8   86    64.90    12.10     7.96
2001  95  5   9.0  -2.5   1.5  672. 20   -34 207.8   44    58.40    11.40     7.60
2001  95  6   8.9  -5.5   2.1  651. 43   -36 207.8  388    58.40    10.90     7.06
2001  95  7   7.7  -3.2   2.2  646. 43   -50 207.8  799    57.80    10.70     6.82
2001  95  8   6.2   0.4   2.7  661. 43   -42 207.8  552    52.70    10.10     6.54
2001  95  9   6.3  -4.5   2.6  642. 43   -26 207.8  402    51.90     9.77     6.21
2001  95 10   5.5  -3.7   2.4  636. 43   -34 207.8  848    49.40     9.03     5.76
2001  95 11   5.0   1.4   2.3  613. 43   -48 207.8  820    47.10     8.76     5.58
2001  95 12   6.1   4.0   2.2  616. 30   -38 207.8  235    45.80     8.20     5.21
2001  95 13   5.6   3.3   2.9  600. 30   -29 207.8   98    42.90     7.51     4.67
2001  95 14   5.8   4.4   3.4  587. 30   -30 207.8   86    43.90     7.52     4.59
2001  95 15   5.6   1.7   3.9  586. 37   -28 207.8  102    41.70     7.12     4.34
2001  95 16   6.7  -1.4   3.7  575. 37   -26 207.8  204    39.20     6.48     3.91
2001  95 17   6.3  -3.1   4.5  578. 37   -21 207.8  685    36.00     5.86     3.48
2001  95 18   8.4   6.1   2.8  575. 33   -31 207.8  565    28.90     5.18     3.23
2001  95 19   9.0   6.0   2.2  573. 33   -28 207.8  117    25.30     4.44     2.83
2001  95 20   8.4   5.4   3.1  558. 33   -20 207.8   57    24.50     4.10     2.63
2001  95 21   6.5  -0.9   4.8  547. 33   -13 207.8  164    22.80     3.80     2.40
2001  95 22   6.7   0.5   3.8  551. 33   -25 207.8  425    21.60     3.54     2.18
2001  95 23   7.1   5.3   4.1  540. 33   -30 207.8  214    20.00     3.17     1.94
