2003 305  0   7.4  -0.6   1.7  804. 50   -69 207.2  593 99999.99 99999.99 99999.99
2003 305  1   5.1  -1.5   1.5  801. 50   -69 207.2  296 99999.99 99999.99 99999.99
2003 305  2   5.1  -3.2   1.9  789. 50   -61 207.2  326 99999.99 99999.99 99999.99
2003 305  3   5.0  -1.9   1.6  770. 47   -62 207.2  624 99999.99 99999.99 99999.99
2003 305  4   4.7  -1.7   1.6  757. 47   -61 207.2  300    11.80     3.05     2.13
2003 305  5   4.7  -1.5   1.5  742. 47   -62 207.2  244    11.40     2.77     1.84
2003 305  6   4.8  -2.0   1.5  730. 40   -56 207.2  533    10.60     2.28     1.50
2003 305  7   5.2  -0.6   1.4  710. 40   -48 207.2  366    10.40     2.38     1.58
2003 305  8   5.2  -1.4   1.5  699. 40   -47 207.2  238     9.54     2.21     1.45
2003 305  9   4.8  -1.0   1.4  690. 27   -44 207.2  332     9.40     2.03     1.35
2003 305 10   4.6  -1.0   1.4  680. 27   -41 207.2  272     8.72     1.95     1.29
2003 305 11   4.6  -0.4   1.3  667. 27   -38 207.2  333     8.15     1.77     1.17
2003 305 12   4.5  -0.2   1.5  657. 30   -43 207.2  377     7.72     1.83     1.24
2003 305 13   4.6  -0.5   1.7  645. 30   -46 207.2  400     7.34     1.69     1.15
2003 305 14   4.5  -0.9   1.9  634. 30   -46 207.2  323     6.96     1.54     1.02
2003 305 15   4.6  -1.0   1.9  631. 33   -39 207.2  441     6.98     1.54     1.03
2003 305 16   4.6  -0.1   1.7  627. 33   -35 207.2  243     6.64     1.50     1.03
2003 305 17   5.3  -0.2   2.4  615. 33   -31 207.2  305     6.37     1.41     0.95
2003 305 18   5.3  -1.9   2.2  638. 33   -28 207.2  462     6.34     1.38     0.91
2003 305 19   5.2  -2.4   2.4  610. 33   -32 207.2  659     6.16     1.31     0.89
2003 305 20   5.4  -2.7   2.6  610. 33   -36 207.2  679     5.91     1.32     0.91
2003 305 21   5.6  -0.8   2.3  596. 40   -33 207.2  507 99999.99 99999.99 99999.99
2003 305 22   5.3  -2.2   2.2  595. 40   -31 207.2  373 99999.99 99999.99 99999.99
2003 305 23   5.6  -2.3   2.5  591. 40   -37 207.2  475 99999.99 99999.99 99999.99
2003 306  0   5.7  -0.6   2.4  578. 33   -41 187.4  422 99999.99 99999.99 99999.99
2003 306  1   5.0   0.5   2.6  577. 33   -40 187.4  287 99999.99 99999.99 99999.99
2003 306  2   5.4   0.8   2.8  569. 33   -31 187.4  184 99999.99 99999.99 99999.99
2003 306  3   5.6  -2.9   3.3  570. 37   -23 187.4  285 99999.99 99999.99 99999.99
2003 306  4   5.6  -2.7   3.1  581. 37   -27 187.4  339 99999.99 99999.99 99999.99
2003 306  5   5.7  -0.6   2.3  551. 37   -30 187.4  309 99999.99 99999.99 99999.99
2003 306  6   5.6  -0.8   2.5  552. 33   -26 187.4  227 99999.99 99999.99 99999.99
2003 306  7   5.5   0.6   2.2  540. 33   -23 187.4  150     6.30     1.05     0.64
2003 306  8   5.3  -0.2   2.2  540. 33   -23 187.4  162     6.21     1.15     0.72
2003 306  9   5.5  -1.7   2.5  553. 30   -22 187.4  460     5.64     1.08     0.69
2003 306 10   5.4  -1.3   2.3  553. 30   -27 187.4  440     6.37     1.31     0.78
2003 306 11   5.9  -1.4   1.6  552. 30   -31 187.4  352    11.40     2.05     1.15
2003 306 12   5.7  -1.1   1.5  547. 27   -25 187.4  453    15.00     2.31     1.25
2003 306 13   5.3  -2.6   1.6  547. 27   -25 187.4  335    17.80     2.36     1.28
2003 306 14   5.5  -2.6   1.9  556. 27   -28 187.4  350    21.00     2.33     1.23
2003 306 15   5.6  -1.6   1.9  536. 33   -29 187.4  552    18.80     2.03     1.02
2003 306 16   5.7  -2.1   2.6  530. 33   -28 187.4  537    13.20     1.64     0.87
2003 306 17   5.8  -4.4   2.7  523. 33   -23 187.4  634    23.40     7.62     6.17
2003 306 18   5.7  -4.7   2.8  532. 43   -23 187.4  851   221.00   160.00   105.00
2003 306 19   5.7  -1.8   2.5  504. 43   -21 187.4  734   341.00   187.00    97.30
2003 306 20   5.4  -1.8   2.6  498. 43   -23 187.4  172   474.00   197.00    84.80
2003 306 21   5.5  -2.1   2.9  497. 27   -22 187.4  313   644.00   223.00    85.90
2003 306 22   5.6  -2.6   3.2  498. 27   -26 187.4  356 99999.99 99999.99 99999.99
2003 306 23   5.6  -3.0   3.1  494. 27   -32 187.4  407 99999.99 99999.99 99999.99
2003 307  0   5.6  -2.1   2.8  486. 33   -36 164.2  468 99999.99 99999.99 99999.99
2003 307  1   6.0  -1.2   2.7  478. 33   -38 164.2  431 99999.99 99999.99 99999.99
2003 307  2   5.1  -2.1   2.7  503. 33   -32 164.2  275 99999.99 99999.99 99999.99
2003 307  3   4.4  -0.4   2.7  499. 30   -26 164.2  342 99999.99 99999.99 99999.99
2003 307  4   4.5  -1.4 999.9 9999. 30   -26 164.2  405 99999.99 99999.99 99999.99
2003 307  5   5.7   2.5 999.9 9999. 30   -28 164.2  218 99999.99 99999.99 99999.99
2003 307  6   5.8   1.1 999.9 9999. 27   -21 164.2   86 99999.99 99999.99 99999.99
2003 307  7   5.7   1.7 999.9 9999. 27   -18 164.2   95 99999.99 99999.99 99999.99
2003 307  8   6.5   0.9 999.9 9999. 27   -17 164.2  179 99999.99 99999.99 99999.99
2003 307  9   6.1   1.2 999.9 9999. 27   -14 164.2  227 99999.99 99999.99 99999.99
2003 307 10   6.0   3.5 999.9 9999. 27    -7 164.2  271   875.00    82.10    26.90
2003 307 11   5.8   3.4 999.9 9999. 27    -5 164.2  123   843.00    76.50    26.00
2003 307 12   5.7   3.2   2.9  544. 20    -7 164.2  129   811.00    71.00    25.60
2003 307 13   5.8   3.4   2.9  576. 20    -9 164.2  111   891.00    69.10    25.20
2003 307 14   5.8  -0.5 999.9 9999. 20    -6 164.2  105   875.00    64.10    24.10
2003 307 15   6.3   3.2 999.9 9999. 23    -4 164.2  127   847.00    57.80    23.20
2003 307 16   6.4   1.9 999.9 9999. 23    -2 164.2  114   786.00    49.50    20.40
2003 307 17   6.1   1.5   3.4  570. 23    -3 164.2  194   745.00    44.20    19.00
2003 307 18   6.2   0.9   2.7  527. 27    -2 164.2  115   734.00    40.90    18.30
2003 307 19   6.3  -0.9   2.5  539. 27    -4 164.2  237   672.00    38.80    18.90
2003 307 20   5.9   1.5   3.0  559. 27    -5 164.2  320   655.00    34.50    17.20
2003 307 21   6.1  -0.7   3.1  540. 33    -6 164.2  208   626.00    28.70    13.70
2003 307 22   5.7  -0.1   3.1  545. 33    -6 164.2  404 99999.99 99999.99 99999.99
2003 307 23   5.8   1.8   3.2  523. 33   -11 164.2  886 99999.99 99999.99 99999.99
2003 308  0   6.3   1.6   3.4  522. 30   -20 165.6  403 99999.99 99999.99 99999.99
2003 308  1   6.1   1.1   3.1  517. 30   -15 165.6  121 99999.99 99999.99 99999.99
2003 308  2   6.3   0.6   3.0  496. 30   -12 165.6  166 99999.99 99999.99 99999.99
2003 308  3   6.6   1.2   3.5  498. 30   -12 165.6  144 99999.99 99999.99 99999.99
2003 308  4   7.0  -1.0   3.7  488. 30   -14 165.6  353 99999.99 99999.99 99999.99
2003 308  5   7.9   1.2   4.4  492. 30   -15 165.6  222 99999.99 99999.99 99999.99
2003 308  6  12.2   4.3   8.6  562. 63    14 165.6  510 99999.99 99999.99 99999.99
2003 308  7  19.5   7.4  15.3  733. 63    10 165.6  963 99999.99 99999.99 99999.99
2003 308  8  19.7  12.1  14.5  743. 63     6 165.6  587 99999.99 99999.99 99999.99
2003 308  9  17.3 -11.9  11.7  739. 70   -15 165.6 1002 99999.99 99999.99 99999.99
2003 308 10  16.9   9.5  10.8  739. 70   -69 165.6 1259 99999.99 99999.99 99999.99
2003 308 11  12.7  11.8   7.2  750. 70   -63 165.6  445 99999.99 99999.99 99999.99
2003 308 12  11.0  10.5   5.8  748. 27   -55 165.6  257    65.60     7.47     5.56
2003 308 13  10.4   9.7   5.0  754. 27   -58 165.6  140    60.90     7.35     5.59
2003 308 14   8.5   6.4   4.8  752. 27   -61 165.6  136    45.60     5.73     4.40
2003 308 15   7.5   4.6   4.4  717. 20   -59 165.6  111    35.70     4.77     3.67
2003 308 16   5.8   3.3   4.0  712. 20   -55 165.6  145    27.90     3.87     2.88
2003 308 17   6.4   3.9   3.6  681. 20   -50 165.6   95    22.50     3.43     2.56
2003 308 18   5.5   2.3   3.7  660. 33   -45 165.6  135    19.10     3.01     2.25
2003 308 19   3.9   1.1   3.6  641. 33   -41 165.6  135    18.30     2.88     2.13
2003 308 20   3.9   0.6   4.0  620. 33   -39 165.6  160    16.40     2.79     2.03
2003 308 21   5.3   1.6   4.0  614. 27   -36 165.6  145    14.70     2.87     2.12
2003 308 22   6.2  -0.1   4.0  616. 27   -39 165.6  175 99999.99 99999.99 99999.99
2003 308 23   6.0   1.5   4.2  590. 27   -42 165.6  164 99999.99 99999.99 99999.99
2003 309  0   5.8   1.5   3.9  596. 17   -41 112.1   94 99999.99 99999.99 99999.99
2003 309  1   5.2   2.4   3.9  592. 17   -36 112.1   72 99999.99 99999.99 99999.99
2003 309  2   5.5   3.9   4.6  591. 17   -31 112.1   86 99999.99 99999.99 99999.99
2003 309  3   6.0   3.6   4.2  591.  0   -31 112.1   65 99999.99 99999.99 99999.99
2003 309  4   5.4   3.9   4.4  585.  0   -31 112.1   53 99999.99 99999.99 99999.99
2003 309  5   5.7   4.0   4.3  586.  0   -30 112.1   52 99999.99 99999.99 99999.99
2003 309  6   6.1   1.9   4.1  582. 13   -27 112.1  100 99999.99 99999.99 99999.99
2003 309  7   6.3   3.7   4.0  577. 13   -24 112.1  101 99999.99 99999.99 99999.99
2003 309  8   6.0   3.6   3.5  571. 13   -25 112.1   85 99999.99 99999.99 99999.99
2003 309  9   5.9   4.1   2.7  566. 10   -28 112.1   64 99999.99 99999.99 99999.99
2003 309 10   5.8   3.8   2.8  558. 10   -29 112.1   80 99999.99 99999.99 99999.99
2003 309 11   5.7   3.9   3.2  547. 10   -28 112.1   57 99999.99 99999.99 99999.99
2003 309 12   5.8   3.8   2.8  547.  7   -27 112.1   46 99999.99 99999.99 99999.99
2003 309 13   5.6   4.0   3.0  542.  7   -25 112.1   35 99999.99 99999.99 99999.99
2003 309 14   5.4   2.2   3.4  535.  7   -22 112.1   68 99999.99 99999.99 99999.99
2003 309 15   5.3   3.5   3.3  527. 13   -19 112.1   76    98.90    12.40     3.89
2003 309 16   5.2   0.8   3.2  531. 13   -17 112.1   69    95.80    12.80     4.18
2003 309 17   4.7  -0.2   3.6  522. 13   -16 112.1  129    88.80    11.90     3.93
2003 309 18   4.4   1.0   3.4  509. 23   -17 112.1  178    86.10    11.60     3.88
2003 309 19   4.6  -0.1   4.7  522. 23   -12 112.1   92    83.40    11.10     3.66
2003 309 20   5.1  -0.4   4.9  529. 23   -17 112.1  155    78.40    10.50     3.49
2003 309 21   5.7  -2.1   4.3  525. 33   -18 112.1  268    77.60    10.30     3.50
2003 309 22   5.9  -1.8   3.9  524. 33   -17 112.1  463    75.00    10.20     3.46
2003 309 23   5.6  -1.7   3.6  504. 33   -22 112.1  311 99999.99 99999.99 99999.99
2003 310  0   5.1  -1.6   3.9  500. 27   -24  96.1  274 99999.99 99999.99 99999.99
2003 310  1   4.8  -1.6   3.4  502. 27   -24  96.1  138 99999.99 99999.99 99999.99
2003 310  2   4.7  -1.5   3.6  487. 27   -21  96.1  123 99999.99 99999.99 99999.99
2003 310  3   4.9  -1.4   3.4  493. 17   -21  96.1  224 99999.99 99999.99 99999.99
2003 310  4   5.0  -1.7   3.2  484. 17   -25  96.1  258 99999.99 99999.99 99999.99
2003 310  5   4.8   0.6   3.0  508. 17   -25  96.1  142 99999.99 99999.99 99999.99
2003 310  6   4.7   2.6   3.0  510. 10   -20  96.1   89 99999.99 99999.99 99999.99
2003 310  7   4.9   3.4   2.6  479. 10   -17  96.1   58 99999.99 99999.99 99999.99
2003 310  8   4.8   3.0   2.4  479. 10   -16  96.1   46 99999.99 99999.99 99999.99
2003 310  9   4.8   1.5   2.6  471.  7   -14  96.1   64 99999.99 99999.99 99999.99
2003 310 10   4.5   2.4   2.5  460.  7   -15  96.1   44 99999.99 99999.99 99999.99
2003 310 11   4.3  -0.8   2.7  478.  7   -13  96.1   68 99999.99 99999.99 99999.99
2003 310 12   4.5  -0.1   2.7  451. 17   -12  96.1  113 99999.99 99999.99 99999.99
2003 310 13   4.6  -1.6   2.7  450. 17   -11  96.1  215 99999.99 99999.99 99999.99
2003 310 14   4.8  -1.8   2.7  449. 17    -7  96.1  228 99999.99 99999.99 99999.99
2003 310 15   5.0  -2.4   2.8  453. 23    -5  96.1  204 99999.99 99999.99 99999.99
2003 310 16   5.1   0.3   2.7  455. 23   -10  96.1  225 99999.99 99999.99 99999.99
2003 310 17   4.8   0.4   2.7  466. 23   -10  96.1  198 99999.99 99999.99 99999.99
2003 310 18   4.8   1.2   2.7  456. 57    -9  96.1  165 99999.99 99999.99 99999.99
2003 310 19   5.2  -3.6   2.6  480. 57    -1  96.1  287 99999.99 99999.99 99999.99
2003 310 20  11.2  -6.7   7.2  539. 57     5  96.1 1045 99999.99 99999.99 99999.99
2003 310 21  10.2  -0.3   7.3  563. 43    -9  96.1  656 99999.99 99999.99 99999.99
2003 310 22   9.6  -5.6   6.9  572. 43   -21  96.1  405    16.20     2.48     1.38
2003 310 23   8.1  -2.0   7.4  568. 43   -18  96.1  226 99999.99 99999.99 99999.99
2003 311  0   6.3   0.5   7.8  568. 33   -16  89.4  265 99999.99 99999.99 99999.99
2003 311  1   6.9   1.0   6.8  556. 33   -20  89.4  274 99999.99 99999.99 99999.99
2003 311  2   6.3   2.1   6.4  565. 33   -15  89.4  328 99999.99 99999.99 99999.99
2003 311  3   7.1   0.7   5.7  558. 27   -10  89.4  203 99999.99 99999.99 99999.99
2003 311  4   5.8  -0.3   5.3  551. 27   -14  89.4  153 99999.99 99999.99 99999.99
2003 311  5   4.9   0.7   5.7  546. 27   -15  89.4   91 99999.99 99999.99 99999.99
2003 311  6   5.8  -0.1   4.8  553. 17   -14  89.4   89 99999.99 99999.99 99999.99
2003 311  7   5.1   0.6   4.7  551. 17   -12  89.4   85 99999.99 99999.99 99999.99
2003 311  8   4.8   0.1   4.9  549. 17   -11  89.4  254 99999.99 99999.99 99999.99
2003 311  9   5.2   2.5   4.6  550. 23   -15  89.4  304 99999.99 99999.99 99999.99
2003 311 10   5.6   2.7   4.7  534. 23   -13  89.4  120 99999.99 99999.99 99999.99
2003 311 11   3.9   1.2   5.2  494. 23   -11  89.4  139 99999.99 99999.99 99999.99
2003 311 12   6.2   1.1   4.8  519. 10    -8  89.4   90 99999.99 99999.99 99999.99
2003 311 13   6.1   1.3   5.3  505. 10    -8  89.4  180 99999.99 99999.99 99999.99
2003 311 14   6.5   0.4   5.1  509. 10    -7  89.4  182 99999.99 99999.99 99999.99
2003 311 15   5.4  -1.1   6.3  506. 17    -7  89.4  109 99999.99 99999.99 99999.99
2003 311 16   5.4   1.0   7.0  493. 17    -6  89.4   83 99999.99 99999.99 99999.99
2003 311 17   5.4   1.8   7.5  485. 17    -4  89.4  202 99999.99 99999.99 99999.99
2003 311 18   5.8  -0.6   6.9  471. 13    -3  89.4  257 99999.99 99999.99 99999.99
2003 311 19   7.1   1.0   6.0  451. 13    -4  89.4  180 99999.99 99999.99 99999.99
2003 311 20   6.5   1.7   6.0  444. 13    -4  89.4   73 99999.99 99999.99 99999.99
2003 311 21   6.6   3.4   6.0  430. 13    -3  89.4   73 99999.99 99999.99 99999.99
2003 311 22   5.6   0.3   8.2  415. 13    -1  89.4   45 99999.99 99999.99 99999.99
2003 311 23   5.0  -1.1   8.0  417. 13    -3  89.4  130 99999.99 99999.99 99999.99
2003 312  0   5.5   1.3   5.8  424. 13    -5  91.0   88 99999.99 99999.99 99999.99
2003 312  1   5.9   2.1   4.5  431. 13    -3  91.0   32     6.92     0.88     0.56
2003 312  2   5.6   1.9   5.1  432. 13     3  91.0   31     6.67     0.83     0.51
2003 312  3   5.3   2.3   5.6  429. 10     5  91.0   36    60.00     0.88     0.52
2003 312  4   4.1   2.4   5.6  431. 10     4  91.0   35 99999.99 99999.99 99999.99
2003 312  5   3.9  -0.1   6.3  427. 10     3  91.0   43     5.59     0.76     0.48
2003 312  6   4.5   2.2   6.4  430.  7     3  91.0   48     5.40     0.78     0.49
2003 312  7   3.8  -0.8   8.5  422.  7     4  91.0   74 99999.99 99999.99 99999.99
2003 312  8   4.3   2.3   9.8  417.  7     5  91.0   58 99999.99 99999.99 99999.99
2003 312  9   3.8  -0.1  10.1  415. 17     5  91.0   79 99999.99 99999.99 99999.99
2003 312 10   4.4  -1.9  11.8  421. 17     6  91.0  272 99999.99 99999.99 99999.99
2003 312 11   3.1   0.8  12.6  425. 17     5  91.0  151 99999.99 99999.99 99999.99
2003 312 12   4.1   2.0  16.1  429. 27    11  91.0   94 99999.99 99999.99 99999.99
2003 312 13   4.8   1.9  18.9  424. 27    15  91.0   82 99999.99 99999.99 99999.99
2003 312 14   6.5  -5.8  25.3  432. 27    21  91.0  279 99999.99 99999.99 99999.99
2003 312 15   7.5   0.5  25.1  428. 33    12  91.0  631 99999.99 99999.99 99999.99
2003 312 16  12.8   6.4  15.3  443. 33     7  91.0  248 99999.99 99999.99 99999.99
2003 312 17  14.9   2.0   5.0  439. 33     4  91.0  202 99999.99 99999.99 99999.99
2003 312 18  14.4  -2.5   5.7  443. 23     5  91.0  392 99999.99 99999.99 99999.99
2003 312 19  14.2   3.2   4.9  442. 23    -5  91.0  371 99999.99 99999.99 99999.99
2003 312 20  12.7   5.0   4.7  444. 23    -5  91.0  177 99999.99 99999.99 99999.99
2003 312 21  11.2  -0.6   5.7  488. 20     2  91.0  105 99999.99 99999.99 99999.99
2003 312 22  10.3   0.6   5.8  481. 20     1  91.0  123 99999.99 99999.99 99999.99
2003 312 23   9.2   0.9   5.9  479. 20     2  91.0  130 99999.99 99999.99 99999.99
2003 313  0   9.4   2.6   5.3  488. 27     2  91.2  106     2.54     0.70     0.45
2003 313  1   8.9  -2.2   5.0  497. 27     2  91.2  131     2.55     0.67     0.45
2003 313  2   8.8   1.6   5.0  494. 27     5  91.2  378     2.61     0.71     0.47
2003 313  3   8.8   1.6   4.8  511. 30     3  91.2  330     2.52     0.65     0.44
2003 313  4   8.8  -0.1   4.7  511. 30     3  91.2  214     2.55     0.72     0.49
2003 313  5   8.8  -0.9   4.4  504. 30    -1  91.2  127     2.40     0.71     0.48
2003 313  6   9.2  -0.5   3.8  507. 37    -3  91.2  102     2.36     0.69     0.46
2003 313  7   9.6  -1.4   4.4  524. 37    -7  91.2  221     2.24     0.67     0.44
2003 313  8   9.8  -1.6   5.0  553. 37   -11  91.2  702     2.28     0.70     0.49
2003 313  9   9.7  -1.3   4.9  538. 37   -14  91.2  374     2.23     0.70     0.49
2003 313 10   9.4   1.2   5.1  551. 37   -13  91.2  464 99999.99 99999.99 99999.99
2003 313 11   8.5   1.6   6.9  571. 37    -5  91.2  376 99999.99 99999.99 99999.99
2003 313 12   8.7  -5.3   7.1  542. 57    -3  91.2  405 99999.99 99999.99 99999.99
2003 313 13   9.5  -8.6   6.8  558. 57   -15  91.2 1353 99999.99 99999.99 99999.99
2003 313 14   9.7   2.2   4.2  556. 57   -31  91.2  995 99999.99 99999.99 99999.99
2003 313 15   8.3   1.4   5.0  568. 40   -25  91.2  225 99999.99 99999.99 99999.99
2003 313 16   8.0  -0.4   5.1  557. 40   -21  91.2  237 99999.99 99999.99 99999.99
2003 313 17   7.8  -2.4   4.8  566. 40   -22  91.2  460 99999.99 99999.99 99999.99
2003 313 18   8.5  -4.9   4.2  582. 50   -26  91.2  941 99999.99 99999.99 99999.99
2003 313 19   7.2  -1.6   4.4  565. 50   -33  91.2  744 99999.99 99999.99 99999.99
2003 313 20   7.4   0.9   4.5  564. 50   -33  91.2  261 99999.99 99999.99 99999.99
2003 313 21   7.2  -0.5   4.5  569. 33   -26  91.2  317 99999.99 99999.99 99999.99
2003 313 22   7.3   1.1   4.9  563. 33   -24  91.2  417 99999.99 99999.99 99999.99
2003 313 23   7.0  -0.1   4.9  556. 33   -25  91.2  259 99999.99 99999.99 99999.99
2003 314  0   7.2  -0.2   5.0  561. 33   -23  92.8  352     1.42     0.50     0.40
2003 314  1   7.4  -2.0   5.0  560. 33   -16  92.8  396     1.45     0.51     0.39
2003 314  2   7.4  -0.2   5.0  567. 33   -13  92.8  420     1.43     0.51     0.39
2003 314  3   7.4   1.0   5.0  553. 40   -21  92.8  364     1.40     0.50     0.39
2003 314  4   7.4  -2.2   5.5  566. 40   -18  92.8  351     1.25     0.46     0.36
2003 314  5   7.5  -1.0   5.7  534. 40   -20  92.8  385     1.37     0.53     0.40
2003 314  6   7.1   2.8   7.2  502. 37   -20  92.8  183     1.26     0.45     0.33
2003 314  7   7.3  -4.8   8.3  505. 37   -13  92.8  154     1.35     0.50     0.39
2003 314  8   7.7  -2.2   9.0  496. 37   -11  92.8  570     1.32     0.49     0.39
2003 314  9   8.7  -1.5   9.0  476. 37   -13  92.8  695     1.36     0.47     0.35
2003 314 10   9.3  -4.7   9.1  464. 37   -17  92.8  332     1.40     0.47     0.35
2003 314 11   9.9  -3.4   8.0  469. 37   -16  92.8  546     1.52     0.53     0.40
2003 314 12   9.2   0.1   8.3  487. 40   -18  92.8  415     1.61     0.52     0.39
2003 314 13   6.9  -5.5   7.7  518. 40   -19  92.8  549     1.89     0.62     0.43
2003 314 14   7.5  -0.8  10.1  516. 40   -25  92.8  974 99999.99 99999.99 99999.99
2003 314 15   8.9   2.6   9.9  547. 37   -25  92.8  517 99999.99 99999.99 99999.99
2003 314 16  11.6   3.1   8.8  566. 37   -20  92.8  296 99999.99 99999.99 99999.99
2003 314 17  13.4  -1.6   9.6  592. 37   -16  92.8  421 99999.99 99999.99 99999.99
2003 314 18  15.1  -3.1   9.0  607. 47   -29  92.8 1005 99999.99 99999.99 99999.99
2003 314 19  15.7   0.0   8.3  620. 47   -36  92.8  857 99999.99 99999.99 99999.99
2003 314 20  13.6   0.6   8.4  649. 47   -32  92.8  566 99999.99 99999.99 99999.99
2003 314 21  12.9   3.8   8.4  664. 47   -29  92.8  464 99999.99 99999.99 99999.99
2003 314 22  13.3  -1.8   9.4  648. 47   -30  92.8 1090 99999.99 99999.99 99999.99
2003 314 23  13.8  -4.2  10.1  640. 47   -37  92.8  795 99999.99 99999.99 99999.99
